TIME  dummy   g10    g20   g30   h11    g11   g21    g31   h21    h22   g22  g32    h31   h32    h33     g33
  794.474792         0.00    31291.25      154.24     -111.50      -57.22    -1057.74      538.77       59.12     -226.20       68.64     -289.62      101.76      -10.19     -104.16       46.98      -70.78
  794.247437         0.00    37779.52      836.98     -562.17      191.30    -5409.67     2735.40      317.27    -1137.30      495.36    -1409.07      518.53      -69.47     -524.16      271.16     -324.36
  794.020020         0.00    33758.01      793.96     -312.32     1746.22    -4013.06     1606.71      291.68     -617.66      847.92     -809.85      312.91     -110.49     -286.66      305.10     -117.16
  793.792603         0.00    34042.07      859.09     -348.68      461.24    -4545.83     1840.64      340.78     -682.73      525.64    -1172.67      362.52      -82.63     -317.95      260.64     -261.00
  793.565186         0.00    33164.30      700.88     -307.19    -1419.40    -3695.67     1707.42      315.15     -588.44      -79.23    -1268.56      343.68      -22.33     -276.12      116.76     -368.58
  793.337769         0.00    31288.15     1152.71     -197.27     -809.06    -6177.12     1257.89      485.02     -353.44      306.37    -1841.77      266.20      -74.22     -169.56      276.37     -478.48
  793.110352         0.00    30286.04     1098.46     -144.80      539.84    -4588.37     1087.10      461.76     -232.88      587.91    -1231.97      242.17     -110.04     -116.08      291.99     -278.66
  792.882935         0.00    27775.93      894.19       10.04    -1702.40    -3388.12      439.27      426.95       96.22     -146.39    -1300.15      129.17      -37.23       33.18      112.90     -396.46
  792.655579         0.00    26188.74      803.21      105.40      755.55     -898.32       85.55      380.36      308.28      391.07     -282.65       73.10     -101.36      128.17      155.03      -52.82
  792.428162         0.00    24595.36      999.75      203.91     2192.21     -841.51     -269.93      453.38      527.61      824.58      -69.94       17.57     -158.92      226.40      250.78       56.64
  792.200745         0.00    22412.99     1201.64      344.76     4375.28     -381.88     -810.19      522.07      836.29     1446.73      363.20      -70.88     -237.77      365.29      374.06      250.16
  791.973328         0.00    21896.85     1209.88      377.67     2933.00       85.31     -821.75      565.45      926.00     1013.78      213.71      -59.05     -204.63      403.16      283.50      146.59
  791.745911         0.00    21239.91     1302.63      424.23     2104.40      373.37     -875.90      636.17     1047.33      777.76      109.00      -52.98     -195.17      455.06      240.34       79.84
  791.518494         0.00    20351.54     1724.26      491.26     2251.79    -1123.46    -1001.65      820.04     1214.13      971.38     -314.80      -57.99     -237.05      527.39      340.91      -19.54
  791.291138         0.00    20964.32     1721.67      463.76     2003.05      569.68     -648.04      858.36     1194.29      803.70       24.97       30.29     -238.88      512.93      273.84       41.56
  791.063721         0.00    22474.26     1945.84      382.07       94.86      120.56       -9.43     1003.87     1066.40      325.43     -470.07      174.02     -213.00      448.41      210.63     -167.21
  790.836304         0.00    26468.72     2168.27      144.60    -1068.45      466.13     1422.51     1149.66      631.36       12.06     -654.31      472.36     -209.83      241.09      161.82     -272.15
  790.608887         0.00    29963.19     2733.52      -55.05    -3914.59    -2289.82     2693.51     1442.98      272.09     -545.77    -1924.86      740.82     -186.02       68.88      158.19     -706.58
  790.381470         0.00    30193.96     3139.81      -31.75     -185.37     -914.84     2932.20     1602.99      372.84      491.73    -1067.12      818.56     -330.37      107.73      355.92     -352.77
  790.379211         0.00    30176.68     3139.48      -30.73     -133.17     -889.31     2927.74     1602.19      374.69      504.89    -1052.09      817.65     -331.76      108.64      357.80     -346.95
  790.154053         0.00    27656.14     2745.10       87.25     1919.70     1002.52     2184.36     1383.07      531.99      901.14     -155.86      640.50     -347.90      195.19      355.76      -39.07
  789.926697         0.00    25340.96     2476.24      193.46     -671.89      -47.71     1498.07     1262.57      655.99      171.97     -771.37      470.86     -246.07      267.89      212.35     -290.41
  789.699280         0.00    23081.99     2671.54      305.40      264.75    -2653.39      828.69     1276.44      795.76      600.68    -1241.99      307.46     -275.42      347.57      355.05     -353.60
  789.471863         0.00    21161.35     2324.32      405.92    -1065.18    -1860.59      267.74     1125.55      917.42      108.20    -1198.40      168.48     -205.65      418.12      210.74     -397.98
  789.244446         0.00    19007.51     2062.45      532.88    -1981.42    -1174.85     -370.12     1006.64     1094.69     -249.37    -1128.49       17.59     -154.74      514.25      100.01     -419.47
  789.017029         0.00    16294.44     2094.77      708.34    -2142.55    -1985.11    -1189.59      991.90     1371.35     -263.34    -1341.42     -165.29     -146.99      656.32      107.31     -475.50
  788.789612         0.00    15103.71     2093.15      794.56    -1218.67    -1737.91    -1534.82      956.62     1464.54      -39.28    -1115.04     -257.93     -167.80      714.66      133.42     -382.22
  788.562195         0.00    15907.77     1875.16      758.48    -1923.01     -310.06    -1255.76      865.15     1305.40     -379.15     -849.30     -232.89     -129.86      657.64       10.80     -352.91
  788.334839         0.00    17215.79     1942.41      704.03     -630.83      245.78     -831.38      858.49     1102.84      -64.10     -504.30     -180.63     -168.15      582.21       49.98     -218.64
  788.107422         0.00    18544.83     2304.89      664.58     1514.69     -632.98     -417.32      953.28      922.40      616.19     -410.12     -131.11     -252.12      518.92      208.72     -107.28
  787.880005         0.00    21181.89     1986.86      522.98     -582.28     1429.54      438.33      849.90      546.58     -170.76     -220.66        4.48     -171.50      362.75      -19.50     -160.07
  787.877747         0.00    21172.93     1983.31      523.18     -623.77     1430.68      436.81      848.95      546.68     -183.08     -226.86        4.07     -170.09      362.84      -22.09     -163.34
  787.652588         0.00    18377.46     1709.03      612.53    -4137.71      212.28     -230.86      774.05      744.50    -1124.84    -1071.92     -124.33      -50.53      448.36     -181.46     -511.76
  787.197754         0.00    17130.55     1249.72      479.33    -2775.85      447.37     -140.53      562.02      527.62     -765.21     -723.28     -107.63      -47.99      333.16     -120.14     -360.57
  786.970398         0.00    16806.40     1171.03      414.93     -627.50      507.93      -25.38      496.79      407.70     -149.88     -343.93      -88.95      -98.89      273.65        2.77     -174.67
  786.742981         0.00    16318.62     1055.49      373.16    -1755.30     -367.28       24.94      457.83      322.34     -415.10     -741.66      -84.85      -58.43      232.07      -24.45     -316.92
  786.515564         0.00    16437.10      827.85      301.91     -590.02      753.39      256.62      352.01      168.48     -166.97     -258.21      -48.29      -73.17      160.76       -6.35     -152.94
  786.288147         0.00    16731.76      899.15      228.99    -2056.34    -1284.68      533.11      387.72       -0.93     -436.24    -1031.34       -6.21      -38.41       84.40        3.11     -401.11
  786.060730         0.00    19489.91      499.54        0.72    -2106.81      876.77     1582.13      235.04     -495.86     -621.76     -485.81      178.81       -9.16     -140.00      -96.35     -279.20
  785.833313         0.00    21803.79      434.91     -188.44    -2634.44      506.71     2481.64      211.42     -923.18     -745.61     -688.66      332.84        8.27     -331.17     -105.25     -355.44
  784.696289         0.00    16578.72      378.63      129.42      255.05      399.01     1561.18      128.59     -688.52      131.15     -513.16       36.21      -84.46     -161.49      126.28     -244.13
  784.468872         0.00    17222.14      277.57      111.96      163.24      979.66     1892.33       87.08     -862.04       69.07     -465.80       58.76      -81.35     -219.88      112.39     -256.34
  784.241455         0.00    17636.09      177.94      122.73      637.60     1857.43     2144.34       39.12    -1002.15      150.95     -266.90       59.95      -95.02     -258.97      121.72     -211.52
  784.014099         0.00    17806.07      223.56      164.42     1576.00     1938.51     2311.65       38.52    -1107.41      433.48     -221.99       37.57     -133.25     -277.45      199.41     -186.35
  783.786682         0.00    16420.80      295.91      326.12      809.80     1143.05     1978.78       67.02    -1001.37      290.43     -700.96      -87.70     -128.43     -193.50      220.63     -363.73
  783.331848         0.00    13794.19       62.96      697.48     1982.71     3669.35     1334.51      -48.69     -807.31      479.38     -227.24     -365.92     -171.34      -15.31      249.09     -280.13
  783.104431         0.00    13151.65      105.58      875.78     2005.90     3669.69     1205.38      -43.14     -797.64      514.62     -461.62     -489.08     -191.98       45.49      297.92     -384.28
  782.877014         0.00    12376.28      225.97     1085.09     1443.54     2860.92     1030.45       -3.30     -784.06      449.11    -1037.14     -636.82     -206.64      116.75      357.73     -601.28
  782.649658         0.00    12008.71      190.38     1290.83     1657.81     3520.54      984.39      -30.91     -845.70      502.40    -1143.87     -778.44     -236.86      162.98      405.54     -681.94
  782.647339         0.00    12019.71      187.25     1291.35     1650.51     3535.38      989.59      -32.08     -849.92      499.74    -1144.07     -778.86     -236.91      161.76      405.18     -682.87
  782.422241         0.00    14770.32     -157.51     1202.78      665.96     4665.62     2094.98     -155.08    -1602.21      203.57    -1292.49     -719.69     -247.56     -112.74      380.46     -812.38
  782.194824         0.00    17853.33     -187.53     1117.30     1186.89     4020.77     3316.30     -182.00    -2445.77      499.28    -1717.28     -664.57     -331.75     -416.09      542.01     -949.85
  781.967407         0.00    17588.34     -220.04     1302.73     1970.50     3640.66     3467.48     -214.39    -2846.62      862.06    -2101.34     -838.60     -429.89     -500.41      722.67    -1080.38
  781.739990         0.00    17100.40     -467.23     1535.60     1988.87     4171.19     3543.25     -322.56    -3262.87      939.77    -2429.78    -1060.39     -499.91     -572.62      829.51    -1244.23
  781.512573         0.00    19366.86     -397.46     1676.63     3259.50     3862.21     4475.26     -322.73    -4040.63     1472.07    -2904.21    -1160.21     -639.19     -792.82     1079.21    -1411.03
  781.285156         0.00    21580.85     -690.84     1790.84     3659.03     3707.55     5407.76     -469.69    -4971.67     1740.03    -3487.23    -1305.82     -738.90    -1053.37     1273.49    -1645.80
  780.830383         0.00    20609.20    -2288.01     2337.16     4226.70     5448.62     6080.95    -1052.09    -5973.32     1881.74    -4613.40    -1871.74     -725.43    -1229.10     1567.24    -2261.99
  780.825806         0.00    20546.13    -2290.39     2350.60     4273.70     5495.72     6093.31    -1045.31    -5942.39     1884.59    -4633.56    -1871.78     -719.14    -1219.32     1571.77    -2275.39
  780.750000         0.00    19785.38    -2142.55     2617.55     5140.55     6703.57     6458.86     -821.68    -5292.76     1909.87    -4967.10    -1823.59     -607.63    -1024.17     1647.16    -2523.63
  780.674194         0.00    19331.01    -1901.82     2875.47     6020.73     8273.65     6939.96     -544.34    -4689.69     1935.74    -5211.49    -1748.85     -520.68     -854.43     1719.44    -2745.81
  780.602966         0.00    18912.82    -1907.66     2998.70     6673.26     9519.43     7266.93     -427.09    -4536.48     2011.42    -5258.41    -1735.99     -506.53     -823.96     1780.18    -2840.77
  780.600708         0.00    18900.44    -1912.45     3000.51     6690.49     9552.16     7274.60     -426.41    -4539.50     2014.78    -5257.05    -1736.85     -507.25     -825.37     1781.98    -2841.81
  780.598389         0.00    18888.54    -1917.43     3002.21     6707.53     9584.44     7282.15     -425.89    -4542.95     2018.18    -5255.59    -1737.78     -508.03     -826.91     1783.77    -2842.75
  780.522583         0.00    18780.00    -2143.01     3026.10     7175.62    10415.20     7496.48     -476.95    -4844.71     2145.51    -5170.37    -1799.28     -558.01     -931.44     1838.28    -2838.30
  780.446838         0.00    19737.30    -2277.44     3071.04     7510.39    10791.87     7763.23     -579.76    -5323.30     2262.26    -5142.90    -1890.38     -620.11    -1077.50     1882.47    -2834.15
  780.375549         0.00    21973.12    -2123.16     3211.29     7766.40    10773.49     8177.98     -634.76    -5721.16     2323.06    -5295.96    -1967.25     -652.09    -1184.71     1914.78    -2901.06
  780.371033         0.00    22142.62    -2106.51     3222.29     7781.20    10762.59     8208.50     -636.66    -5743.60     2325.55    -5310.60    -1971.47     -653.23    -1190.46     1916.64    -2907.31
  780.295227         0.00    24921.95    -1808.55     3396.55     7996.58    10465.55     8729.45     -649.77    -6069.26     2354.52    -5590.94    -2025.56     -662.19    -1276.25     1946.26    -3024.01
  780.219421         0.00    26626.81    -1662.40     3466.80     8147.12    10058.33     9163.79     -646.77    -6314.18     2383.67    -5845.25    -2041.16     -663.38    -1361.31     1977.94    -3122.05
  780.148132         0.00    26489.10    -1817.88     3370.51     8198.75     9704.68     9398.89     -648.85    -6480.15     2418.92    -5971.36    -2015.93     -665.71    -1454.35     2008.14    -3159.77
  780.145874         0.00    26458.95    -1827.43     3364.97     8198.28     9694.92     9403.69     -649.11    -6484.53     2419.84    -5973.33    -2014.54     -665.78    -1457.52     2008.97    -3160.06
  780.143616         0.00    26427.17    -1837.25     3359.28     8197.64     9685.29     9408.32     -649.38    -6488.86     2420.74    -5975.15    -2013.11     -665.85    -1460.70     2009.79    -3160.30
  780.029907         0.00    23145.71    -2653.79     2905.98     7920.18     9432.78     9436.72     -688.66    -6641.77     2409.47    -5886.38    -1902.02     -663.96    -1631.50     2023.79    -3099.74
  779.920715         0.00    18073.02    -3808.18     2283.26     7317.77     9615.33     9160.85     -770.96    -6625.97     2273.59    -5509.08    -1743.48     -633.53    -1777.08     1970.76    -2935.30
  779.916199         0.00    17863.11    -3853.82     2258.43     7298.13     9623.93     9145.71     -774.40    -6618.56     2267.11    -5490.79    -1736.49     -630.91    -1780.79     1967.43    -2927.70
  779.802490         0.00    13891.16    -4613.19     1821.89     7367.75     9578.36     8753.61     -828.50    -6152.89     2154.08    -5087.95    -1572.76     -508.62    -1751.66     1869.60    -2766.85
  779.693359         0.00    12778.66    -4565.57     1762.92     8264.56     9030.58     8441.77     -794.31    -5326.97     2127.07    -4881.68    -1453.07     -321.79    -1537.00     1765.59    -2692.97
  779.688782         0.00    12764.58    -4554.02     1764.16     8298.73     9005.04     8430.83     -791.02    -5292.97     2125.13    -4876.18    -1448.88     -314.54    -1527.39     1761.22    -2691.14
  779.575073         0.00    12459.87    -4235.12     1773.00     8500.98     8533.20     8214.99     -665.96    -4682.65     1985.68    -4785.35    -1364.41     -201.32    -1360.46     1654.36    -2658.93
  779.465942         0.00    11790.78    -4037.27     1726.26     7786.80     8424.09     7981.57     -542.86    -4507.85     1740.79    -4689.82    -1344.08     -200.39    -1323.23     1555.29    -2616.04
  779.461365         0.00    11753.38    -4032.82     1724.52     7754.63     8424.45     7967.34     -539.80    -4505.07     1730.92    -4683.45    -1345.26     -201.36    -1322.58     1551.16    -2613.18
  779.347656         0.00    10626.85    -4022.89     1716.04     7235.71     8493.49     7441.96     -548.24    -4461.34     1548.98    -4430.40    -1435.47     -225.76    -1294.94     1448.40    -2502.77
  779.238525         0.00     9801.50    -3992.61     1745.46     6985.65     8582.99     6917.44     -582.70    -4515.18     1462.76    -4150.77    -1563.94     -276.17    -1282.35     1370.35    -2375.46
  779.233948         0.00     9787.00    -3985.88     1746.68     6971.89     8585.52     6902.50     -581.38    -4521.20     1460.00    -4141.79    -1568.47     -279.65    -1283.19     1368.02    -2370.98
  779.120239         0.00     9913.06    -3662.96     1766.83     6529.97     8604.01     6762.59     -451.63    -4720.39     1397.79    -4020.59    -1636.71     -390.40    -1332.76     1333.87    -2298.13
  779.011108         0.00     9745.52    -3380.28     1781.67     6504.47     8601.24     6766.80     -274.78    -4644.34     1356.89    -3998.17    -1637.91     -425.72    -1325.00     1311.51    -2287.36
  779.006592         0.00     9708.19    -3375.51     1782.47     6523.68     8601.88     6763.97     -268.90    -4628.25     1355.74    -3997.27    -1636.97     -423.34    -1321.30     1310.11    -2287.90
  778.892883         0.00     8202.22    -3432.60     1791.06     7335.43     8575.98     6641.73     -170.92    -4005.54     1335.49    -3985.30    -1593.16     -290.80    -1170.96     1268.00    -2321.04
  778.783691         0.00     6858.35    -3643.07     1729.70     7920.38     8286.53     6638.26     -132.10    -3484.26     1313.63    -4062.58    -1520.30     -157.44    -1052.68     1244.27    -2377.09
  778.781433         0.00     6841.14    -3647.55     1727.38     7924.12     8276.55     6640.98     -131.56    -3478.10     1312.99    -4065.57    -1518.56     -155.66    -1051.55     1244.17    -2378.38
  778.779175         0.00     6824.38    -3652.02     1725.03     7927.58     8266.48     6643.81     -131.03    -3472.12     1312.35    -4068.60    -1516.81     -153.92    -1050.46     1244.08    -2379.68
  778.665466         0.00     6487.03    -3845.76     1593.00     7835.92     7717.48     6866.90     -113.48    -3336.68     1272.35    -4239.03    -1432.15     -104.63    -1036.15     1247.95    -2440.61
  778.556274         0.00     6788.74    -3939.44     1522.48     7727.58     7442.80     7073.91     -110.00    -3276.89     1224.91    -4324.45    -1383.76      -79.80    -1020.43     1238.00    -2473.89
  778.554016         0.00     6799.32    -3940.65     1522.01     7728.25     7441.16     7077.20     -110.22    -3274.91     1223.87    -4324.83    -1383.26      -79.13    -1019.62     1237.47    -2474.25
  778.551758         0.00     6810.08    -3941.87     1521.57     7729.01     7439.61     7080.45     -110.46    -3272.92     1222.81    -4325.17    -1382.79      -78.45    -1018.80     1236.92    -2474.60
  778.438049         0.00     7551.19    -4047.14     1521.52     7889.75     7416.24     7216.09     -167.70    -3166.20     1166.30    -4306.27    -1381.40      -27.06     -966.58     1195.55    -2484.31
  778.328918         0.00     8644.53    -4329.01     1517.38     8180.56     7216.73     7345.10     -340.27    -3111.11     1103.82    -4292.07    -1413.45       60.81     -920.77     1137.92    -2496.60
  778.324341         0.00     8700.85    -4341.79     1517.44     8192.61     7201.57     7350.71     -348.91    -3110.50     1101.10    -4292.73    -1415.45       64.74     -919.14     1135.38    -2497.41
  778.210632         0.00    10523.26    -4487.12     1567.30     8386.67     6637.37     7482.98     -528.73    -3141.16     1033.45    -4362.99    -1485.25      137.52     -880.44     1076.16    -2527.11
  778.101501         0.00    12906.95    -4121.30     1733.28     8263.60     5890.14     7565.66     -548.58    -3222.02      966.56    -4513.72    -1577.71      128.36     -838.81     1033.36    -2565.68
  778.099182         0.00    12954.00    -4110.38     1737.27     8258.28     5876.88     7566.49     -547.56    -3223.14      964.91    -4516.40    -1579.48      127.59     -837.81     1032.49    -2566.26
  778.096924         0.00    13000.66    -4099.41     1741.26     8252.91     5863.82     7567.29     -546.49    -3224.22      963.26    -4519.03    -1581.23      126.80     -836.79     1031.61    -2566.82
  777.983215         0.00    14488.91    -3590.47     1903.63     7912.15     5650.22     7534.86     -455.69    -3170.02      850.09    -4524.02    -1629.11       85.74     -774.46      977.49    -2558.94
  777.874084         0.00    13928.94    -3408.77     1915.82     7556.49     6149.37     7349.95     -377.58    -2880.37      695.94    -4263.01    -1578.61       79.62     -693.87      901.33    -2470.72
  777.871826         0.00    13901.51    -3408.98     1914.25     7549.58     6158.40     7344.56     -376.99    -2872.62      692.83    -4256.14    -1576.67       80.05     -692.09      899.62    -2468.22
  777.869507         0.00    13873.61    -3409.35     1912.60     7542.70     6167.13     7339.10     -376.47    -2864.82      689.73    -4249.26    -1574.71       80.51     -690.32      897.91    -2465.70
  777.785034         0.00    12580.76    -3546.62     1794.03     7319.71     6172.98     7095.94     -411.99    -2553.85      595.95    -3999.98    -1482.08      117.81     -625.33      835.62    -2360.14
  777.700623         0.00    10995.77    -3874.19     1582.59     7106.36     5498.16     6785.03     -545.54    -2253.07      545.80    -3794.45    -1367.78      179.87     -570.92      780.74    -2239.62
  777.646667         0.00     9901.64    -4099.90     1433.40     6879.89     4966.30     6565.43     -637.91    -2108.23      519.04    -3676.42    -1300.68      206.07     -549.65      751.67    -2159.28
  777.616150         0.00     9267.41    -4209.59     1353.90     6692.67     4711.00     6437.63     -679.38    -2053.40      500.11    -3609.85    -1269.39      208.66     -544.36      737.67    -2113.61
  777.531677         0.00     7531.56    -4373.86     1180.12     5888.45     4376.96     6086.77     -716.93    -2026.74      419.07    -3417.43    -1218.17      151.27     -558.77      708.78    -1989.85
  777.447205         0.00     6170.21    -4307.29     1075.44     4824.32     4360.74     5792.68     -653.74    -2118.96      312.57    -3245.44    -1196.57       27.56     -597.11      690.98    -1879.16
  777.362732         0.00     5630.07    -4005.28     1026.70     3753.98     4233.53     5619.57     -525.02    -2223.84      210.73    -3141.38    -1166.43     -113.35     -630.26      678.60    -1791.17
  777.278259         0.00     5773.63    -3582.48     1005.23     2929.24     3846.04     5537.92     -386.78    -2291.81      159.90    -3076.21    -1120.29     -242.10     -647.24      672.61    -1710.72
  777.193787         0.00     5719.97    -3296.92      961.64     2576.52     3395.18     5396.99     -318.40    -2345.80      224.38    -2923.06    -1088.38     -356.83     -660.46      681.94    -1589.75
  777.191833         0.00     5708.48    -3293.94      959.88     2575.73     3385.29     5391.52     -318.29    -2347.16      227.92    -2917.15    -1088.06     -359.43     -660.85      682.43    -1585.89
  777.109314         0.00     4907.91    -3309.11      869.39     2768.69     3026.03     5097.67     -368.12    -2398.80      422.87    -2610.77    -1091.51     -455.62     -676.23      707.49    -1403.47
  777.024841         0.00     4211.18    -3360.19      797.19     2965.65     2604.03     4774.88     -454.11    -2407.91      586.35    -2314.13    -1104.07     -529.71     -671.69      716.32    -1228.30
  776.964417         0.00     4442.72    -3224.63      806.99     2735.51     2157.19     4632.32     -476.44    -2356.30      565.99    -2237.17    -1098.55     -562.28     -639.64      690.05    -1163.65
  776.940430         0.00     4739.82    -3120.52      827.02     2533.77     1942.03     4605.26     -471.84    -2316.69      517.50    -2246.43    -1090.31     -568.89     -618.78      670.46    -1156.16
  776.855957         0.00     6032.91    -2732.88      907.81     1652.17     1168.91     4593.59     -440.87    -2066.29      250.15    -2355.96    -1031.00     -549.79     -517.79      578.20    -1175.53
  776.771484         0.00     6444.67    -2694.88      887.78     1109.90      641.32     4611.10     -475.36    -1593.95       -7.56    -2388.33     -919.08     -439.62     -389.54      482.08    -1194.97
  776.737061         0.00     6088.16    -2858.92      826.62     1127.84      549.28     4603.74     -526.59    -1336.16      -69.47    -2336.90     -858.90     -366.53     -334.65      450.50    -1186.32
  776.687012         0.00     5229.39    -3210.27      704.81     1350.12      461.73     4586.66     -624.40     -932.39     -116.59    -2223.77     -762.71     -248.29     -255.39      413.34    -1160.85
  776.602539         0.00     3730.97    -3804.34      502.33     1992.50      134.33     4584.53     -787.56     -314.79     -109.10    -2054.70     -600.44      -78.87     -133.12      373.18    -1108.37
  776.518066         0.00     3361.18    -3977.13      428.66     2566.92     -775.51     4669.59     -855.16       36.14      -40.42    -2071.29     -472.44      -31.26      -38.86      358.54    -1076.78
  776.509644         0.00     3391.02    -3967.35      428.79     2606.11     -880.95     4681.10     -854.97       56.79      -32.72    -2080.02     -462.58      -33.29      -31.33      358.23    -1074.48
  776.433594         0.00     3930.40    -3725.43      460.42     2728.39    -1613.51     4770.11     -799.83      186.40       22.54    -2127.07     -400.98      -83.87       21.26      361.92    -1046.83
  776.349121         0.00     4526.24    -3272.96      496.27     2205.54    -1263.66     4754.61     -633.28      335.16       10.52    -1927.93     -398.07     -159.70       46.91      373.76     -973.11
  776.282227         0.00     4734.81    -2891.04      496.30     1402.07      -81.97     4618.68     -457.72      495.19      -45.85    -1565.88     -439.30     -198.56       43.16      386.49     -884.50
  776.275391         0.00     4750.05    -2853.19      495.66     1317.60       51.65     4599.60     -440.13      510.71      -51.10    -1526.53     -444.83     -200.92       41.64      388.05     -875.50
  776.264709         0.00     4773.47    -2794.73      494.62     1188.03      258.66     4568.00     -413.21      534.04      -58.50    -1465.73     -453.80     -203.92       38.87      390.62     -861.75
  776.180237         0.00     5031.88    -2390.23      494.73      473.81     1424.25     4257.10     -255.52      640.39      -49.37    -1112.13     -528.58     -192.97        0.12      417.48     -786.53
  776.150330         0.00     5195.77    -2281.59      503.01      443.13     1460.77     4128.45     -236.03      628.20       -2.99    -1083.77     -551.85     -172.23      -20.04      430.00     -782.40
  776.095764         0.00     5554.32    -2103.16      526.94      652.55     1070.61     3879.69     -240.67      545.86      122.12    -1144.84     -587.15     -113.88      -60.88      451.47     -798.94
  776.054810         0.00     5796.12    -1952.63      546.02      928.64      580.89     3690.50     -259.42      453.98      218.92    -1234.71     -607.70      -57.25      -90.04      460.10     -818.70
  776.025269         0.00     5915.53    -1816.80      557.03     1134.83      223.76     3556.98     -271.00      382.65      273.87    -1295.50     -619.56      -11.82     -107.79      459.03     -829.92
  776.011292         0.00     5947.64    -1741.69      560.75     1222.49       74.99     3496.12     -273.89      349.91      292.09    -1317.45     -624.29       10.35     -114.66      455.77     -832.95
  775.926819         0.00     5698.18    -1076.27      554.23     1441.96     -231.05     3166.80     -225.03      198.28      245.00    -1269.54     -642.36      147.54     -127.88      387.29     -797.85
  775.900208         0.00     5509.15     -817.06      546.51     1404.33     -120.67     3082.01     -191.89      168.71      178.69    -1195.42     -644.49      187.70     -121.96      350.12     -769.95
  775.842346         0.00     5147.22     -283.51      542.04     1260.14      265.15     2934.66     -127.61      119.33       -6.33    -1002.43     -643.93      261.33      -97.15      254.76     -700.71
  775.827393         0.00     5095.85     -166.75      546.61     1224.72      370.56     2905.33     -117.76      107.64      -57.46     -954.27     -642.71      276.28      -88.69      228.24     -683.45
  775.775085         0.00     5183.43      107.30      593.09     1173.09      642.49     2834.93     -126.35       61.73     -220.50     -830.13     -635.39      310.22      -55.39      136.51     -636.52
  775.757874         0.00     5331.20      138.98      621.44     1194.87      675.04     2823.14     -148.36       42.81     -263.66     -812.19     -632.00      314.24      -43.72      107.84     -627.90
  775.673401         0.00     6663.94      -49.67      818.65     1553.80      443.03     2829.97     -361.52      -87.02     -386.41     -866.02     -611.08      292.41        6.49      -11.45     -625.80
  775.650024         0.00     7094.63     -158.21      875.53     1699.76      303.46     2844.02     -434.99     -135.05     -398.25     -903.39     -604.73      278.90       15.32      -37.37     -630.58
  775.599976         0.00     7883.67     -389.31      972.24     2027.40      -30.65     2879.25     -581.80     -256.83     -397.85     -980.59     -591.75      247.92       21.02      -80.19     -636.82
  775.588928         0.00     8013.34     -432.45      986.41     2098.19     -104.45     2886.82     -609.55     -287.69     -393.66     -993.79     -589.11      241.50       19.28      -87.20     -636.30
  775.524963         0.00     8259.38     -549.96      995.12     2441.23     -458.42     2916.22     -707.66     -488.21     -348.70    -1012.74     -576.85      215.74      -15.05     -108.64     -610.93
  775.504517         0.00     8173.69     -537.81      975.61     2521.97     -541.90     2918.23     -716.73     -554.84     -330.05     -999.66     -574.04      212.08      -32.48     -109.86     -595.91
  775.420044         0.00     7322.56     -261.38      847.91     2669.61     -731.74     2870.67     -659.21     -768.70     -265.04     -890.27     -567.80      220.82     -105.34     -100.74     -521.72
  775.399902         0.00     7061.67     -146.34      818.04     2654.47     -740.42     2842.72     -626.33     -792.38     -258.27     -858.52     -567.52      228.64     -117.30      -97.81     -505.16
  775.372620         0.00     6715.55       35.10      786.05     2599.02     -729.58     2792.86     -572.64     -798.92     -258.42     -817.36     -567.84      242.71     -126.36      -95.10     -486.31
  775.370300         0.00     6687.80       51.52      783.96     2592.50     -727.51     2788.04     -567.72     -797.98     -258.99     -814.11     -567.90      244.06     -126.67      -94.98     -484.97
  775.335571         0.00     6295.02      322.21      765.03     2458.46     -675.18     2701.94     -486.14     -753.82     -279.09     -769.73     -569.23      268.18     -122.27      -95.44     -469.72
  775.274780         0.00     5723.91      799.87      777.11     2132.14     -524.38     2521.22     -339.40     -566.53     -355.38     -719.73     -567.45      323.09      -80.97     -106.83     -465.33
  775.251099         0.00     5526.78      952.43      791.45     2000.16     -459.53     2450.99     -291.19     -466.24     -394.87     -711.11     -562.86      347.86      -56.79     -114.75     -470.61
  775.166626         0.00     4846.55     1114.59      848.58     1680.72     -293.02     2269.87     -227.80      -50.92     -552.25     -739.34     -512.42      445.29       44.26     -157.97     -517.24
  775.149719         0.00     4703.47     1044.50      855.81     1669.28     -284.75     2256.26     -244.65       32.81     -582.60     -757.15     -493.90      465.38       63.97     -169.17     -531.08
  775.145203         0.00     4663.97     1019.13      857.35     1669.77     -284.29     2254.08     -251.05       55.11     -590.56     -762.63     -488.38      470.79       69.15     -172.31     -535.02
  775.082153         0.00     4088.64      467.25      862.88     1794.17     -339.55     2271.55     -396.36      343.49     -684.67     -856.99     -397.92      541.71      132.10     -215.72     -593.95
  775.024658         0.00     3538.30     -168.92      847.59     2005.48     -451.81     2321.69     -562.52      558.60     -730.34     -947.54     -312.10      591.87      170.18     -243.74     -643.54
  774.997681         0.00     3279.40     -435.86      835.82     2100.46     -509.93     2339.60     -628.79      638.03     -733.12     -981.53     -278.38      607.51      179.67     -248.57     -661.07
  774.917786         0.00     2550.75     -817.64      792.39     2224.17     -642.39     2308.31     -694.04      771.16     -652.78    -1011.50     -232.36      612.48      169.31     -215.21     -674.66
  774.913208         0.00     2512.13     -819.31      789.68     2222.70     -647.27     2302.51     -691.40      774.48     -644.47    -1009.66     -232.28      610.89      167.11     -211.19     -673.60
  774.899597         0.00     2399.10     -814.91      781.41     2213.87     -660.21     2283.54     -680.55      782.45     -617.82    -1002.17     -233.24      605.13      159.75     -198.16     -669.47
  774.774536         0.00     1659.06     -566.35      697.28     1962.92     -679.31     2122.94     -518.52      806.41     -334.78     -836.55     -274.74      508.30       72.03      -53.74     -588.42
  774.714233         0.00     1567.87     -689.24      651.89     1852.33     -642.04     2158.35     -521.00      860.95     -243.45     -731.75     -271.00      456.04       44.41       -6.24     -543.85
  774.690369         0.00     1565.35     -800.87      632.60     1819.23     -627.28     2198.66     -543.09      892.71     -222.96     -693.44     -261.12      438.01       37.75        4.95     -528.53
  774.649414         0.00     1559.02    -1025.88      596.82     1766.49     -614.88     2290.10     -593.86      947.92     -207.55     -638.93     -235.26      412.80       28.80       15.55     -506.86
  774.524353         0.00      974.24    -1384.12      454.67     1514.83     -828.90     2595.33     -670.26      971.53     -300.56     -640.54     -112.87      405.26      -17.30       -0.14     -494.31
  774.515259         0.00      877.15    -1366.56      442.20     1487.09     -863.97     2612.05     -663.68      958.77     -314.09     -653.50     -102.82      409.72      -23.40       -3.01     -497.24
  774.462952         0.00      228.59    -1187.63      370.10     1324.16    -1083.66     2688.90     -602.68      860.54     -396.23     -751.10      -45.28      445.25      -64.65      -20.03     -522.43
  774.399292         0.00     -601.80     -925.81      293.59     1175.77    -1306.44     2741.17     -510.92      726.40     -478.39     -892.25       19.44      501.93     -123.25      -34.94     -566.97
  774.316284         0.00    -1325.78     -855.95      243.67     1208.93    -1304.07     2749.38     -453.63      636.39     -485.77    -1034.18       82.87      573.75     -198.48      -27.20     -633.85
  774.274231         0.00    -1463.73     -985.53      244.31     1318.74    -1145.94     2728.57     -465.52      644.85     -440.51    -1070.69      102.00      602.79     -232.66       -9.65     -666.71
  774.235535         0.00    -1500.36    -1149.21      255.62     1418.88     -941.49     2693.09     -488.44      670.97     -385.95    -1086.95      110.65      624.63     -262.23       11.03     -694.51
  774.149170         0.00    -1468.19    -1447.33      298.35     1419.02     -421.23     2550.77     -529.22      734.52     -284.26    -1082.04       95.12      656.32     -324.65       58.67     -742.43
  774.117310         0.00    -1478.72    -1466.27      313.87     1275.68     -251.51     2475.38     -524.73      741.65     -273.40    -1071.75       76.40      661.87     -347.31       72.42     -753.34
  774.024048         0.00    -1678.44    -1281.74      338.94      547.29      131.40     2243.77     -451.52      698.41     -299.32    -1028.80        2.90      656.61     -419.90      106.66     -764.95
  774.008118         0.00    -1739.54    -1234.85      338.56      411.01      182.14     2211.85     -433.46      683.22     -304.53    -1020.32       -9.02      652.17     -434.11      113.38     -764.37
  773.918335         0.00    -2245.75    -1041.10      298.69     -163.81      406.86     2143.53     -327.12      568.78     -279.05     -971.84      -46.79      605.19     -530.77      169.54     -750.68
  773.898987         0.00    -2390.97    -1028.32      281.17     -221.25      445.25     2159.39     -305.65      541.42     -257.23     -961.25      -45.94      590.61     -554.91      186.33     -745.77
  773.780762         0.00    -3512.11    -1049.17      139.18     -216.21      696.27     2422.98     -175.12      466.13      -90.29     -865.34       18.51      499.21     -678.42      290.94     -700.13
  773.773926         0.00    -3587.08    -1049.48      130.57     -205.40      714.96     2443.68     -167.01      470.78      -82.94     -856.99       24.72      495.06     -682.34      295.65     -696.63
  773.719360         0.00    -4217.59    -1019.66       66.71     -116.59      896.66     2615.33      -97.02      563.04      -52.16     -773.58       81.28      472.20     -691.84      321.37     -664.99
  773.649475         0.00    -5070.44     -908.98        2.79      -11.01     1190.93     2838.97        1.58      818.21      -78.45     -630.64      165.49      466.64     -650.84      327.01     -617.38
  773.525085         0.00    -6487.98     -773.52      -61.80      266.80     1611.89     3242.09      149.55     1489.53     -136.69     -365.62      316.55      462.88     -512.85      331.46     -533.02
  773.520386         0.00    -6534.34     -775.24      -63.05      281.84     1619.75     3257.37      153.39     1516.82     -135.72     -357.20      321.66      461.68     -507.73      332.90     -530.25
  773.400635         0.00    -7343.53     -948.96      -66.09      677.21     1649.51     3609.05      207.45     2063.18      -46.88     -231.88      426.19      400.92     -420.69      390.76     -485.46
  773.325928         0.00    -7317.36    -1066.66      -40.71      785.79     1609.52     3748.30      211.85     2072.30        8.18     -275.34      461.83      344.85     -435.15      416.61     -494.91
  773.323669         0.00    -7308.27    -1069.00      -39.61      785.70     1608.83     3751.06      211.78     2066.45        9.12     -278.52      462.51      343.06     -436.72      416.92     -495.79
  773.321350         0.00    -7298.72    -1071.26      -38.50      785.40     1608.19     3753.72      211.71     2060.24       10.01     -281.81      463.16      341.26     -438.34      417.19     -496.70
  773.276184         0.00    -7030.81    -1101.18      -13.03      741.53     1601.55     3787.27      208.03     1874.33       18.12     -365.72      471.39      305.52     -481.04      416.63     -520.73
  773.261169         0.00    -6918.49    -1106.55       -3.26      714.00     1600.37     3790.43      205.77     1792.54       17.40     -399.75      472.31      293.74     -498.18      414.29     -530.62
  773.200989         0.00    -6454.21    -1120.79       40.23      570.68     1586.10     3764.74      190.84     1432.68        3.59     -547.39      468.44      249.26     -566.40      397.89     -573.36
  773.151794         0.00    -6172.36    -1143.48       79.42      450.11     1544.81     3699.84      170.35     1175.34      -13.50     -661.24      458.24      217.78     -604.72      380.39     -605.14
  773.140808         0.00    -6136.07    -1152.18       88.32      427.38     1529.86     3680.27      164.66     1132.15      -17.12     -683.05      455.34      211.66     -608.98      376.53     -610.92
  773.080566         0.00    -6157.32    -1230.39      136.05      343.23     1404.66     3542.89      126.42     1021.07      -32.01     -768.33      436.27      184.58     -597.78      358.10     -630.51
  773.027344         0.00    -6391.02    -1318.47      170.05      289.76     1259.20     3392.80       88.51     1050.34      -39.29     -797.43      414.49      168.63     -555.79      346.21     -631.65
  773.020386         0.00    -6429.26    -1329.61      173.51      281.21     1239.48     3371.86       83.62     1058.94      -39.99     -798.37      411.20      166.97     -549.31      344.95     -630.79
  772.960205         0.00    -6749.38    -1401.55      188.74      166.49     1086.28     3192.50       47.21     1137.02      -44.61     -781.72      378.85      155.98     -498.10      337.26     -615.05
  772.902893         0.00    -6921.39    -1402.48      172.22      -58.94      995.70     3034.46       27.73     1152.15      -49.01     -730.18      339.76      148.98     -477.07      335.04     -587.98
  772.900024         0.00    -6924.66    -1400.36      170.52      -73.89      992.83     3026.92       27.19     1150.23      -49.24     -726.79      337.53      148.68     -477.06      335.05     -586.33
  772.871094         0.00    -6934.90    -1370.50      150.47     -234.48      968.49     2952.31       22.96     1119.69      -50.85     -689.90      313.88      145.91     -481.17      335.68     -568.70
  772.839783         0.00    -6912.80    -1324.56      124.43     -423.47      941.83     2867.54       18.65     1067.75      -50.30     -644.34      284.66      143.32     -492.03      337.18     -546.92
  772.779602         0.00    -6843.76    -1223.37       75.06     -767.43      842.12     2671.99       -0.26      942.55      -36.74     -548.01      216.43      139.30     -518.00      341.08     -498.21
  772.778503         0.00    -6842.72    -1221.40       74.19     -773.60      838.90     2667.30       -0.91      939.93      -36.23     -545.99      214.84      139.22     -518.46      341.16     -497.12
  772.719421         0.00    -6855.06    -1147.30       47.35     -990.09      597.74     2393.93      -52.44      830.25        3.05     -450.44      128.20      136.01     -528.74      344.15     -440.97
  772.659241         0.00    -7021.32    -1123.78       57.90    -1013.29      173.66     2021.91     -147.48      760.48       71.12     -364.96       22.86      132.90     -509.27      343.01     -378.75
  772.654053         0.00    -7039.17    -1122.88       60.27    -1007.40      133.69     1988.59     -156.64      754.96       77.41     -358.64       13.82      132.63     -506.79      342.54     -373.55
  772.643677         0.00    -7075.54    -1120.99       65.62     -992.44       52.67     1921.36     -175.32      743.33       90.07     -346.41       -4.24      132.06     -501.65      341.37     -363.17
  772.598999         0.00    -7218.88    -1105.14       95.23     -889.96     -278.31     1646.59     -253.92      677.97      140.09     -303.48      -75.72      129.44     -480.51      332.12     -321.97
  772.538818         0.00    -7288.81    -1029.23      143.06     -695.94     -576.30     1373.60     -333.80      510.35      177.87     -276.98     -140.77      125.04     -469.84      305.37     -281.72
  772.529602         0.00    -7277.94    -1008.54      150.27     -664.80     -596.45     1347.79     -341.21      472.51      178.81     -276.76     -146.01      124.25     -471.58      299.47     -277.75
  772.478638         0.00    -7088.29     -841.95      185.96     -506.90     -556.03     1299.49     -352.14      197.94      155.15     -295.17     -148.12      119.34     -501.37      257.98     -268.34
  772.418457         0.00    -6662.06     -568.95      221.35     -382.55     -285.78     1383.53     -316.95     -200.02       79.55     -347.01     -111.49      113.70     -562.47      197.31     -277.94
  772.416321         0.00    -6645.41     -559.01      222.47     -380.07     -274.59     1387.76     -315.20     -213.52       76.39     -349.09     -109.89      113.54     -564.67      195.19     -278.52
  772.405212         0.00    -6553.74     -504.87      228.53     -368.99     -213.09     1411.34     -305.31     -285.86       58.79     -360.58     -101.08      112.71     -576.47      183.70     -281.92
  772.358215         0.00    -6163.22     -282.36      253.76     -373.38       33.44     1507.13     -260.75     -555.20      -20.04     -409.58      -66.17      110.46     -619.49      137.92     -298.50
  772.298035         0.00    -5738.56      -50.96      288.14     -528.31      205.10     1553.72     -215.39     -744.12     -115.87     -460.79      -46.69      111.95     -639.56       93.54     -318.30
  772.280762         0.00    -5645.26       -2.66      298.71     -602.99      207.66     1541.93     -208.04     -756.14     -139.34     -471.14      -48.95      113.70     -635.42       84.86     -322.61
  772.237854         0.00    -5457.11       81.87      325.53     -810.26      137.87     1475.71     -202.01     -720.23     -188.48     -489.84      -65.13      121.95     -609.56       69.12     -331.01
  772.188904         0.00    -5292.10      118.46      355.19    -1015.77      -39.22     1362.77     -217.06     -599.12     -227.16     -502.47      -91.93      140.35     -561.02       57.22     -337.73
  772.177673         0.00    -5257.99      118.23      361.58    -1048.59      -89.30     1335.14     -223.86     -564.32     -233.24     -504.55      -97.89      146.21     -548.23       54.81     -339.01
  772.156311         0.00    -5192.95      109.10      373.27    -1089.19     -191.71     1283.09     -240.51     -493.85     -241.94     -508.14     -108.07      159.45     -522.74       50.02     -341.32
  772.117432         0.00    -5067.51       64.16      391.90    -1064.34     -386.27     1201.36     -282.99     -365.62     -247.22     -514.45     -118.80      190.93     -476.22       39.38     -345.46
  772.057251         0.00    -4828.73      -62.13      413.82     -732.94     -662.48     1127.60     -375.44     -198.60     -228.91     -523.80     -108.82      258.72     -411.27       14.80     -351.98
  772.031921         0.00    -4714.80     -119.51      422.08     -518.51     -752.93     1109.15     -417.39     -138.97     -213.27     -523.46      -98.48      291.33     -386.64        2.84     -353.66
  771.997070         0.00    -4549.64     -185.10      434.44     -190.20     -837.76     1086.24     -470.95      -62.89     -185.96     -514.02      -83.00      337.07     -354.65      -13.41     -353.63
  771.961487         0.00    -4377.14     -219.02      449.94      144.01     -862.51     1056.83     -513.41       10.92     -153.27     -489.24      -70.29      381.37     -323.91      -27.94     -349.57
  771.936890         0.00    -4257.73     -213.44      463.44      353.61     -835.13     1027.51     -531.75       62.26     -128.79     -460.45      -65.90      408.99     -303.31      -35.83     -343.66
  771.907471         0.00    -4117.41     -165.50      483.70      558.86     -745.92      977.26     -537.75      126.37      -98.55     -410.68      -68.04      436.99     -278.98      -41.95     -332.50
  771.876648         0.00    -3980.20      -64.69      509.42      704.07     -586.96      905.17     -523.67      197.33      -67.24     -340.84      -80.07      459.18     -253.98      -43.89     -316.04
  771.816467         0.00    -3796.99      209.50      558.52      806.38     -176.05      738.89     -456.77      335.31      -14.05     -181.51     -119.69      485.04     -210.28      -37.82     -277.50
  771.783020         0.00    -3779.29      357.00      575.57      779.62       47.11      654.11     -411.36      402.96        6.54      -99.83     -142.08      492.00     -191.59      -31.15     -257.64
  771.756287         0.00    -3825.56      448.90      579.33      725.36      192.98      600.79     -377.71      448.49       16.37      -47.51     -155.90      495.09     -180.72      -25.26     -245.04
  771.734070         0.00    -3913.53      496.81      573.55      662.25      278.49      571.09     -354.66      478.78       19.07      -17.13     -162.65      496.60     -175.00      -20.50     -237.92
  771.696106         0.00    -4184.23      493.84      540.32      527.66      317.32      562.50     -333.02      509.99        9.99       -3.09     -159.76      498.21     -173.56      -13.89     -235.48
  771.658630         0.00    -4582.74      385.09      480.53      375.02      219.73      606.41     -335.81      513.54      -15.39      -37.45     -138.55      499.70     -182.18      -10.23     -245.57
  771.635864         0.00    -4854.75      286.09      437.04      279.22      115.56      650.15     -346.00      503.71      -36.52      -75.46     -119.75      500.60     -191.00       -9.54     -256.21
  771.575684         0.00    -5520.21       -3.82      324.89       43.48     -217.62      786.27     -387.09      440.97     -101.95     -206.66      -63.48      502.94     -220.92      -13.71     -293.00
  771.534180         0.00    -5795.67     -149.59      274.46      -80.64     -406.58      862.10     -413.18      371.88     -145.93     -296.59      -31.78      504.53     -241.82      -22.10     -319.15
  771.515503         0.00    -5833.22     -179.67      265.62     -119.33     -456.39      881.80     -420.49      335.68     -162.75     -329.49      -22.88      505.23     -249.79      -27.41     -329.28
  771.506653         0.00    -5827.94     -183.80      265.19     -133.30     -469.62      886.93     -422.55      317.48     -169.84     -342.70      -20.20      505.56     -253.11      -30.29     -333.55
  771.455322         0.00    -5509.54      -79.32      309.80     -154.89     -411.65      863.05     -416.14      203.79     -197.36     -385.16      -24.54      507.25     -265.57      -50.70     -350.24
  771.409729         0.00    -4950.12      130.58      393.42      -99.00     -234.59      794.84     -394.02      101.48     -203.80     -385.96      -46.38      507.67     -268.73      -71.16     -355.37
  771.395081         0.00    -4742.38      207.69      424.30      -67.95     -166.58      769.76     -385.70       70.20     -202.59     -381.42      -54.82      507.42     -268.57      -77.62     -355.51
  771.334900         0.00    -3919.80      489.60      541.88      112.36       85.20      687.54     -357.76      -36.20     -182.74     -352.92      -83.82      503.68     -264.09      -99.69     -350.55
  771.285339         0.00    -3465.47      586.25      594.99      311.96      164.31      687.29     -356.34      -84.10     -150.39     -334.82      -86.09      496.12     -258.46     -108.49     -342.55
  771.279236         0.00    -3433.02      585.60      597.27      338.23      161.95      693.12     -358.05      -86.84     -145.61     -333.68      -84.44      494.87     -257.78     -108.78     -341.45
  771.274719         0.00    -3411.83      583.53      598.42      358.08      158.63      698.22     -359.56      -88.48     -141.91     -332.94      -82.96      493.88     -257.27     -108.89     -340.60
  771.160889         0.00    -3612.11      282.49      521.59      766.40     -155.72      911.08     -418.61      -35.18      -31.42     -312.54      -18.84      453.68     -243.32      -84.21     -307.74
  771.036438         0.00    -4729.34      202.14      411.99      551.45     -210.04      869.01     -361.94      126.85       82.97     -147.57      -45.00      372.34     -220.45      -12.98     -226.48
  770.911987         0.00    -6006.72      624.42      348.92     -200.82      228.80      556.56     -166.81      219.33      136.82      123.39     -162.03      290.72     -214.45       58.32     -123.25
  770.824463         0.00    -6753.20      849.23      255.40     -538.56      422.38      532.18      -64.57      149.21      123.93      226.53     -173.70      272.78     -247.12       75.96      -79.62
  770.787598         0.00    -7004.21      886.57      211.73     -596.95      462.28      570.45      -40.46       92.28      113.36      236.11     -159.78      273.56     -267.99       76.43      -73.47
  770.663147         0.00    -7528.00      707.80      159.12     -484.13      588.56      675.90      -42.86     -113.41      121.54      125.50     -102.93      275.71     -336.38       76.82     -117.63
  770.597046         0.00    -7604.52      428.95      221.27     -300.38      679.32      640.80      -91.19     -179.70      167.84       -7.91      -93.33      261.57     -355.38       86.11     -178.41
  770.538696         0.00    -7591.87      130.67      303.22     -159.73      700.99      584.86     -149.67     -193.16      211.86     -143.49      -94.63      238.84     -355.84       96.84     -238.61
  770.414307         0.00    -7458.17     -465.37      455.43     -208.81      327.43      522.49     -281.15      -46.98      238.10     -398.50     -106.98      162.21     -296.13      113.99     -333.87
  770.369629         0.00    -7424.25     -606.12      479.13     -333.84      104.46      538.20     -313.73       33.59      225.52     -451.13     -109.48      131.46     -266.27      117.79     -346.21
  770.289856         0.00    -7459.85     -678.16      457.46     -582.10     -202.87      619.74     -324.42      126.94      201.34     -454.43     -105.49       86.42     -234.83      124.95     -330.08
  770.165405         0.00    -7893.91     -293.06      262.53     -881.02     -144.50      829.17     -195.20       36.32      201.00     -219.12      -80.36       59.38     -282.72      144.64     -217.52
  770.142212         0.00    -8025.77     -192.38      219.81     -945.88      -84.40      857.83     -160.46        4.95      203.24     -164.70      -77.86       57.67     -298.44      149.94     -194.27
  770.041016         0.00    -8760.60      156.77       85.72    -1380.66      199.93      848.75      -18.77      -85.42      202.41        1.58      -97.15       47.76     -355.31      180.00     -130.24
  769.916565         0.00    -9545.49      263.98       39.38    -2010.02      384.52      714.17       72.45      -99.18      171.72       17.88     -142.67       25.01     -386.56      212.07     -133.76
  769.914795         0.00    -9550.45      263.39       38.98    -2015.74      384.85      714.20       72.84      -99.61      171.17       17.31     -142.75       24.69     -386.90      212.25     -134.02
  769.792114         0.00    -9268.29      132.90      -15.38    -1992.67      241.95      992.53       36.33     -210.87      132.43      -27.77      -73.77        8.89     -418.51      193.45     -139.01
  769.687378         0.00    -8852.73       19.77      -89.33    -1612.05      170.54     1370.82      -17.13     -422.94      108.57      -57.09       34.79       17.81     -471.98      155.52     -135.32
  769.667725         0.00    -8864.72       14.60     -103.27    -1546.72      202.17     1415.75      -19.55     -471.98      105.94      -60.64       50.79       23.09     -486.09      149.77     -136.08
  769.543274         0.00    -9651.73      104.45     -178.73    -1401.48      740.45     1433.89       33.93     -766.17      100.23      -43.85       88.14       65.46     -586.81      137.37     -145.34
  769.460022         0.00   -10331.43      198.11     -212.26    -1679.32     1213.92     1300.75      100.50     -828.70       97.19       40.39       54.34       66.50     -628.06      154.26     -132.67
  769.418823         0.00   -10569.60      230.92     -223.11    -1939.39     1417.92     1226.92      131.85     -795.40       93.49      108.12       23.70       51.02     -632.23      169.44     -116.07
  769.294434         0.00   -11041.47      280.27     -250.76    -2653.77     1798.84     1082.57      199.51     -675.55       80.47      272.55      -51.33       -2.81     -631.72      210.18      -70.68
  769.232605         0.00   -11266.83      286.60     -271.90    -2638.95     1812.79     1106.97      209.34     -750.66       78.06      246.93      -37.64        2.03     -656.87      208.99      -79.03
  769.169983         0.00   -11465.05      269.47     -296.46    -2353.28     1727.54     1200.49      200.10     -921.58       81.63      149.65       11.99       28.27     -700.92      193.17     -108.81
  769.045532         0.00   -11248.36       62.68     -313.47    -1757.64     1511.67     1472.27      127.46    -1164.84      114.40      -12.10      111.37       45.10     -761.95      168.72     -155.77
  769.005188         0.00   -10937.12      -61.84     -303.86    -1724.90     1474.04     1555.20       92.72    -1142.25      130.95       -7.78      121.81       22.14     -758.21      172.62     -152.50
  768.921143         0.00   -10329.39     -283.74     -286.05    -1911.30     1372.24     1682.87       36.36    -1007.80      146.55       45.58      116.97      -42.65     -729.05      189.33     -128.66
  768.796692         0.00   -10852.88     -137.83     -348.92    -2582.38      905.57     1692.53       84.30     -912.17       42.75       37.24       97.43      -72.84     -703.04      191.82     -108.38
  768.777771         0.00   -11094.43      -67.22     -368.23    -2697.41      815.16     1677.63      104.57     -923.09       14.10       21.22       96.36      -67.05     -704.76      188.18     -109.53
  768.672241         0.00   -12431.05      267.30     -467.37    -3208.02      580.51     1595.23      203.88    -1063.14     -144.44      -68.29      102.02      -17.83     -740.69      158.14     -129.24
  768.550354         0.00   -12781.20      104.94     -481.47    -3311.36     1294.41     1618.71      174.81    -1273.39     -241.94      -59.38      130.32       15.90     -816.72      117.81     -160.51
  768.547852         0.00   -12779.65       97.32     -480.94    -3311.26     1314.09     1620.12      172.92    -1276.86     -243.73      -58.16      130.98       16.24     -818.04      116.83     -161.02
  768.423401         0.00   -13025.81     -195.55     -464.88    -3532.56     1876.92     1662.51       79.58    -1320.04     -408.33       -2.11      153.94       24.28     -823.41       51.26     -166.11
  768.322937         0.00   -14054.98     -183.10     -471.28    -4055.40     1483.46     1561.69       49.64    -1152.20     -609.61       -8.01      136.81       17.26     -736.33       -3.58     -146.35
  768.298950         0.00   -14372.86     -165.68     -466.96    -4168.09     1324.19     1505.75       49.38    -1095.01     -638.59      -18.76      124.30       11.50     -710.56       -8.25     -142.35
  768.174561         0.00   -16076.30     -125.70     -362.15    -4310.51      464.10      978.27       86.74     -765.01     -503.77     -125.83       -6.99      -58.41     -595.81       68.40     -144.65
  768.095581         0.00   -16782.77     -125.80     -273.03    -4078.64      -14.24      613.75      135.48     -556.49     -215.26     -158.49     -116.37     -138.24     -551.80      186.27     -135.41
  768.050110         0.00   -16878.27     -109.40     -244.94    -3906.15     -255.80      491.55      168.19     -444.66      -20.65     -123.41     -170.10     -195.26     -537.58      263.11     -108.05
  767.925659         0.00   -16087.25       36.15     -299.28    -3533.44     -696.28      582.95      260.89     -224.56      453.28      184.70     -246.78     -359.11     -541.81      448.28       50.64
  767.868164         0.00   -15781.77      130.06     -358.97    -3492.78     -702.53      694.89      299.63     -209.72      567.10      337.12     -254.04     -403.94     -565.28      494.51      119.46
  767.801270         0.00   -15968.47      238.56     -427.57    -3609.94     -486.53      754.85      336.93     -295.53      557.94      440.08     -247.50     -403.53     -609.07      496.60      156.49
  767.676819         0.00   -17251.15      428.86     -547.67    -4083.79      211.03      742.42      387.08     -612.43      304.85      493.61     -210.63     -316.91     -709.92      413.29      151.76
  767.640747         0.00   -17556.56      483.28     -585.45    -4205.93      367.81      759.68      398.84     -693.85      237.46      516.22     -197.71     -296.45     -735.69      390.65      156.08
  767.552368         0.00   -17809.17      592.95     -681.47    -4356.65      520.63      900.64      419.02     -830.42      161.14      607.26     -163.45     -282.58     -786.83      364.47      194.26
  767.427979         0.00   -17456.50      490.05     -753.15    -4162.27      393.62     1213.49      378.57    -1097.99      145.08      525.15      -77.99     -271.04     -882.53      344.18      173.62
  767.413330         0.00   -17397.01      445.03     -751.84    -4107.29      368.14     1249.86      365.33    -1149.86      141.23      479.91      -63.20     -264.91     -898.89      339.25      156.13
  767.303528         0.00   -16910.54      -66.66     -685.23    -3673.75      121.99     1482.81      218.26    -1548.82       85.08       14.60       51.78     -211.29    -1017.07      289.82      -29.69
  767.185913         0.00   -16318.95     -731.90     -559.21    -3691.40     -302.51     1608.93       15.88    -1557.44       -5.30     -293.54       95.02     -239.46    -1008.98      250.61     -147.22
  767.179077         0.00   -16289.37     -767.57     -551.75    -3712.58     -331.45     1610.84        4.37    -1538.51      -10.10     -296.99       93.51     -245.23    -1002.52      249.61     -147.81
  766.958496         0.00   -17766.31    -1262.56     -396.83    -3353.69     -876.15     1218.01     -182.58    -1016.49      132.84      -71.27      -22.06     -396.00     -808.69      277.53      -14.12
  766.731140         0.00   -21486.65    -1134.80     -393.97    -2211.96     -675.14      598.46     -174.25    -1180.72      336.19      102.37      -85.85     -374.74     -829.33      285.09       85.44
  766.503723         0.00   -23745.12    -1255.40     -419.15    -2708.07     -791.50      307.87     -227.92    -1277.39      152.11       82.21     -123.70     -375.09     -858.50      233.33       93.85
  766.276306         0.00   -25816.18    -1199.18     -490.08    -1411.81    -1225.13      121.62     -235.00    -1520.57      521.64      238.31     -136.19     -426.23     -950.38      306.21      219.88
  766.048889         0.00   -27591.77    -1461.01     -586.56    -2409.00     -607.17       29.00     -326.76    -1814.68      161.03      329.32     -136.48     -408.82    -1074.00      202.63      235.67
  765.821472         0.00   -27422.77    -1605.72     -832.52    -2956.31     -911.17      570.51     -377.41    -2435.12       23.31      274.27      -22.74     -427.05    -1352.62      175.47      244.27
  765.594055         0.00   -27455.20    -1703.50    -1082.98    -2730.44    -1397.69     1073.74     -414.70    -3071.57      142.69      308.44       83.72     -480.26    -1643.96      210.12      312.62
  765.366638         0.00   -31207.16    -1876.14    -1096.37    -2664.18    -1535.48      421.62     -471.35    -3214.79      203.41      416.28      -23.80     -531.48    -1714.76      226.60      393.90
  765.364380         0.00   -31243.17    -1877.04    -1096.02    -2669.82    -1536.19      415.43     -471.33    -3213.65      202.08      415.55      -24.48     -531.53    -1714.39      226.47      393.74
  765.139282         0.00   -33956.02    -1863.79    -1067.85    -3266.01    -1712.75       30.11     -420.88    -3014.90       60.18      243.05      -30.63     -516.79    -1640.65      219.89      332.68
  764.911865         0.00   -35844.05    -1913.37    -1126.88    -4058.41    -1635.77      -21.58     -377.74    -2968.00     -135.29      111.91       36.47     -503.37    -1646.90      202.74      277.20
  764.684448         0.00   -37179.62    -1942.36    -1145.83    -5071.56    -1449.35      -53.27     -342.86    -2857.61     -437.37      -52.00       90.09     -462.91    -1610.46      150.35      190.84
  764.682190         0.00   -37185.16    -1940.12    -1144.52    -5071.52    -1450.10      -54.90     -342.13    -2853.51     -438.15      -53.61       90.05     -462.29    -1608.38      150.11      190.03
  764.457031         0.00   -36674.57    -1490.14     -838.01    -3361.92    -1062.45     -345.80     -259.33    -2096.23     -168.11       70.05       22.14     -380.69    -1198.47      153.40      202.36
  764.229614         0.00   -35953.90     -985.61     -447.68    -1144.16     -302.25     -753.09     -183.53    -1171.79      175.47      328.76      -83.53     -283.97     -695.02      148.33      249.31
  764.002197         0.00   -32333.62     -794.00     -312.60      274.08     1967.08     -139.30     -201.71     -782.90      198.75      892.73        6.50     -168.12     -448.19       39.18      346.99
