XYZAB.00 -180.00   20.00    0.00    0.00    0.01    2995       0       3
XYZAB.00 -175.00   20.00    0.00    0.00    0.01    2995       0       3
XYZAB.00 -170.00   20.00    0.00    0.00    0.01    2995       0       3
XYZAB.00 -165.00   20.00    0.00    0.00    0.01    2995       0       3
XYZAB.00 -160.00   20.00    0.00    0.00    0.01    2995       0       3
XYZAB.00 -155.00   20.00    0.00    0.00    0.01    2995       0       3
XYZAB.00 -150.00   20.00    0.00    0.00    0.01    2995       0       3
XYZAB.00 -145.00   20.00    0.00    0.00    0.01    2995       0       3
XYZAB.00 -140.00   20.00    0.00    0.00    0.01    2995       0       3
XYZAB.00 -135.00   20.00    0.00    0.00    0.01    2995       0       3
XYZAB.00 -130.00   20.00    0.00    0.00    0.01    2995       0       3
XYZAB.00 -125.00   20.00    0.00    0.00    0.01    2995       0       3
XYZAB.00 -120.00   20.00    0.00    0.00    0.01    2995       0       3
XYZAB.00 -115.00   20.00    0.00    0.00    0.01    2995       0       3
XYZAB.00 -110.00   20.00    0.00    0.00    0.01    2995       0       3
XYZAB.00 -105.00   20.00    0.00    0.00    0.01    2995       0       3
XYZAB.00 -100.00   20.00    0.00    0.00    0.01    2995       0       3
XYZAB.00  -95.00   20.00    0.00    0.00    0.01    2995       0       3
XYZAB.00  -90.00   20.00    0.00    0.00    0.01    2995       0       3
XYZAB.00  -85.00   20.00    0.00    0.00    0.01    2995       0       3
XYZAB.00  -80.00   20.00    0.00    0.00    0.01    2995       0       3
XYZAB.00  -75.00   20.00    0.00    0.00    0.01    2995       0       3
XYZAB.00  -70.00   20.00    0.00    0.00    0.01    2995       0       3
XYZAB.00  -65.00   20.00    0.00    0.00    0.01    2995       0       3
XYZAB.00  -60.00   20.00    0.00    0.00    0.01    2995       0       3
XYZAB.00  -55.00   20.00    0.00    0.00    0.01    2995       0       3
XYZAB.00  -50.00   20.00    0.00    0.00    0.01    2995       0       3
XYZAB.00  -45.00   20.00    0.00    0.00    0.01    2995       0       3
XYZAB.00  -40.00   20.00    0.00    0.00    0.01    2995       0       3
XYZAB.00  -35.00   20.00    0.00    0.00    0.01    2995       0       3
XYZAB.00  -30.00   20.00    0.00    0.00    0.01    2995       0       3
XYZAB.00  -25.00   20.00    0.00    0.00    0.01    2995       0       3
XYZAB.00  -20.00   20.00    0.00    0.00    0.01    2995       0       3
XYZAB.00  -15.00   20.00    0.00    0.00    0.01    2995       0       3
XYZAB.00  -10.00   20.00    0.00    0.00    0.01    2995       0       3
XYZAB.00   -5.00   20.00    0.00    0.00    0.01    2995       0       3
XYZAB.00    0.00   20.00    0.00    0.00    0.01    2995       0       3
XYZAB.00    5.00   20.00    0.00    0.00    0.01    2995       0       3
XYZAB.00   10.00   20.00    0.00    0.00    0.01    2995       0       3
XYZAB.00   15.00   20.00    0.00    0.00    0.01    2995       0       3
XYZAB.00   20.00   20.00    0.00    0.00    0.01    2995       0       3
XYZAB.00   25.00   20.00    0.00    0.00    0.01    2995       0       3
XYZAB.00   30.00   20.00    0.00    0.00    0.01    2995       0       3
XYZAB.00   35.00   20.00    0.00    0.00    0.01    2995       0       3
XYZAB.00   40.00   20.00    0.00    0.00    0.01    2995       0       3
XYZAB.00   45.00   20.00    0.00    0.00    0.01    2995       0       3
XYZAB.00   50.00   20.00    0.00    0.00    0.01    2995       0       3
XYZAB.00   55.00   20.00    0.00    0.00    0.01    2995       0       3
XYZAB.00   60.00   20.00    0.00    0.00    0.01    2995       0       3
XYZAB.00   65.00   20.00    0.00    0.00    0.01    2995       0       3
XYZAB.00   70.00   20.00    0.00    0.00    0.01    2995       0       3
XYZAB.00   75.00   20.00    0.00    0.00    0.01    2995       0       3
XYZAB.00   80.00   20.00    0.00    0.00    0.01    2995       0       3
XYZAB.00   85.00   20.00    0.00    0.00    0.01    2995       0       3
XYZAB.00   90.00   20.00    0.00    0.00    0.01    2995       0       3
XYZAB.00   95.00   20.00    0.00    0.00    0.01    2995       0       3
XYZAB.00  100.00   20.00    0.00    0.00    0.01    2995       0       3
XYZAB.00  105.00   20.00    0.00    0.00    0.01    2995       0       3
XYZAB.00  110.00   20.00    0.00    0.00    0.01    2995       0       3
XYZAB.00  115.00   20.00    0.00    0.00    0.01    2995       0       3
XYZAB.00  120.00   20.00    0.00    0.00    0.01    2995       0       3
XYZAB.00  125.00   20.00    0.00    0.00    0.01    2995       0       3
XYZAB.00  130.00   20.00    0.00    0.00    0.01    2995       0       3
XYZAB.00  135.00   20.00    0.00    0.00    0.01    2995       0       3
XYZAB.00  140.00   20.00    0.00    0.00    0.01    2995       0       3
XYZAB.00  145.00   20.00    0.00    0.00    0.01    2995       0       3
XYZAB.00  150.00   20.00    0.00    0.00    0.01    2995       0       3
XYZAB.00  155.00   20.00    0.00    0.00    0.01    2995       0       3
XYZAB.00  160.00   20.00    0.00    0.00    0.01    2995       0       3
XYZAB.00  165.00   20.00    0.00    0.00    0.01    2995       0       3
XYZAB.00  170.00   20.00    0.00    0.00    0.01    2995       0       3
XYZAB.00  175.00   20.00    0.00    0.00    0.01    2995       0       3
                  -99.99
123456781234567812345678123456781234567812345678123456781234567812345678
     Lat     Lon     Rig     Zen      Az   DelPc     Ndo  Ierrpt    Indx
123456789012345678901234567890123456789012345678901234567890123456789012
         1         2         3         4         5         6         7  
